f: 8.4033066E-6
g: 8.7546445E-6
implicit: 1.1298937E-4
